83 554
1 2
2 3
3 4
4 5
5 6
2 7
4 8
6 9
1 10
7 11
5 12
12 13
4 14
12 15
13 16
7 17
1 18
12 19
19 20
18 21
17 22
10 23
9 24
24 25
21 26
9 27
18 28
27 29
18 30
23 31
9 32
29 33
9 34
29 35
18 36
7 37
35 38
8 39
33 40
21 41
29 42
42 43
9 44
35 45
3 46
16 47
20 48
29 49
49 50
9 51
35 52
8 53
9 54
40 55
30 56
42 57
34 58
10 59
12 60
5 61
45 62
44 63
52 64
50 65
45 66
22 67
46 68
35 69
34 70
18 71
25 72
7 73
24 74
28 75
25 76
45 77
65 78
11 79
27 80
27 81
10 82
19 83
26 60
37 67
54 66
3 76
20 71
32 66
10 38
5 23
14 69
51 74
65 69
41 43
57 78
12 83
3 33
32 76
6 26
4 73
3 69
4 41
51 73
28 77
39 63
29 53
33 47
48 66
41 51
51 56
3 31
29 52
40 43
41 53
10 58
68 69
6 51
1 80
14 34
18 67
68 83
7 57
30 48
49 53
14 39
29 30
30 58
18 23
10 21
3 58
13 79
28 59
59 78
20 23
57 77
13 25
9 23
2 28
18 58
6 46
24 68
10 68
13 55
14 23
9 58
44 80
64 75
67 69
3 66
1 48
45 64
4 63
53 62
17 18
11 22
11 76
19 75
52 83
25 69
10 67
45 78
11 32
23 24
55 61
43 53
3 12
52 79
54 58
30 50
39 44
47 68
28 46
38 39
4 40
6 33
53 61
4 50
29 62
20 34
37 82
48 59
43 76
31 51
45 68
41 50
75 82
8 38
21 62
14 30
12 51
42 68
5 36
3 59
1 71
20 24
8 76
47 54
27 65
43 55
28 69
1 74
9 50
15 35
1 32
51 78
22 40
33 81
3 44
51 55
21 79
23 67
15 64
1 46
34 73
58 68
5 79
61 73
14 67
57 76
10 15
37 81
62 64
13 32
43 58
47 58
67 77
2 81
20 36
4 43
54 79
15 73
17 74
50 78
8 69
10 24
6 74
50 57
29 73
42 46
10 65
50 58
64 74
67 74
34 53
20 25
2 29
19 66
8 71
31 65
1 5
40 54
30 57
48 68
27 82
61 82
22 66
3 57
5 35
76 79
10 17
48 65
75 77
8 80
14 42
39 53
6 18
24 46
10 60
42 58
24 76
58 67
5 72
23 54
21 37
16 20
39 73
46 55
25 70
11 80
60 75
19 72
41 58
11 58
36 51
16 49
54 74
27 60
13 58
46 56
3 70
6 79
35 70
48 60
50 60
12 48
36 50
15 81
32 50
23 37
17 70
37 72
34 57
13 42
2 82
2 48
41 64
19 46
65 67
64 73
13 63
35 43
12 69
18 50
60 70
18 83
23 59
20 81
2 26
4 76
40 80
9 75
23 36
1 6
1 16
10 51
82 83
29 72
4 9
18 29
14 70
16 55
24 32
1 14
4 74
1 20
53 70
2 41
17 20
42 66
75 78
1 26
38 74
7 25
14 40
13 36
11 21
2 51
33 80
59 76
65 80
57 65
17 26
51 75
48 52
20 52
30 59
9 31
16 30
17 45
16 82
48 49
3 71
26 57
4 83
3 23
40 62
25 40
78 81
5 29
14 83
5 39
24 51
70 83
23 75
16 70
25 57
48 56
19 44
25 32
5 66
26 31
6 23
3 72
10 27
24 72
24 56
16 41
25 61
18 37
23 71
35 72
39 48
60 73
65 82
9 76
6 16
2 11
9 67
79 81
12 78
39 55
16 42
43 71
63 70
12 81
18 61
34 40
71 81
5 13
29 44
17 38
27 43
53 82
1 25
50 74
6 60
22 37
62 73
80 82
50 56
30 61
68 72
6 49
14 66
9 30
40 79
35 42
7 71
50 73
2 65
4 56
10 71
35 41
65 71
25 74
67 79
74 77
44 45
3 80
15 71
15 30
53 66
25 45
6 24
6 27
8 23
23 68
62 72
18 40
50 69
2 47
66 79
59 79
14 46
20 70
29 71
12 40
24 57
9 43
3 24
18 43
4 35
32 36
7 75
36 73
50 66
37 52
48 80
33 36
36 40
71 79
21 67
35 81
57 64
18 25
39 52
42 70
51 76
17 43
31 75
8 34
38 57
67 73
17 52
13 59
19 63
30 37
3 61
54 67
20 31
50 59
3 56
6 48
22 65
7 55
56 74
23 83
7 22
54 68
29 57
14 62
40 67
15 18
16 68
65 79
39 66
31 73
46 67
3 17
1 34
25 55
52 75
36 42
4 51
8 15
22 70
35 74
32 55
5 53
22 23
38 41
9 71
38 47
18 27
25 53
32 40
24 70
14 22
1 12
12 65
64 76
15 62
5 54
14 32
33 78
20 75
22 27
43 48
46 71
13 37
32 58
42 52
46 72
52 77
46 73
10 36
18 68
9 57
4 34
11 20
44 57
32 53
7 10
38 56
368
0
1
1
1
0
1
1
3
8
3
7
11
5
13
8
0
10
0
2
4
18
1
8
0
6
0
0
13
5
28
11
8
21
0
13
22
4
2
38
11
10
0
0
25
42
8
0
0
0
26
16
51
47
15
3
39
42
13
54
50
38
0
61
7
31
0
0
51
61
44
15
58
8
33
19
38
48
53
0
6
55
52
18
0
0
52
61
0
43
9
54
19
46
7
43
84
92
65
0
82
0
97
98
50
43
17
4
7
32
27
104
59
49
80
75
0
102
75
82
0
112
0
100
61
112
61
8
0
18
25
0
0
93
0
9
31
8
58
0
88
42
0
0
82
7
27
92
46
144
0
52
84
0
91
64
0
92
0
57
26
70
147
130
8
79
95
151
85
0
0
98
93
136
86
54
158
35
0
0
167
47
0
14
38
5
99
176
158
121
65
176
0
7
60
192
140
176
90
20
0
127
0
113
112
145
22
121
172
41
131
15
0
202
208
0
99
212
6
139
110
135
129
0
138
51
188
0
23
98
219
125
0
0
13
0
111
141
0
121
9
0
0
191
231
159
152
188
51
25
92
87
166
217
179
97
10
65
112
190
167
125
150
204
71
0
0
136
0
49
0
4
220
228
86
153
168
0
137
249
0
207
243
0
79
55
121
0
93
128
0
21
110
146
169
228
141
19
182
183
207
29
0
13
284
20
262
99
0
255
241
62
190
204
0
222
231
62
311
111
107
74
301
65
275
97
142
97
292
16
319
288
51
0
16
72
204
0
0
72
87
0
25
143
0
251
112
22
0
0
29
186
282
0
0
7
13
135
296
340
314
326
245
222
168
0
197
171
294
93
45 364 43
72 73 269
3 229 114
62 182 211
14 184 67
18 222 330
78 99 77
18 94 181
60 325 29
9 335 197
18 96 106
1 15 64
79 179 289
20 79 260
8 93 330
21 230 122
65 73 44
22 210 207
67 367 174
65 204 149
22 190 236
75 304 309
72 300 175
32 17 107
23 325 347
73 135 261
27 77 158
7 292 155
82 97 266
81 160 27
51 252 248
1 281 155
72 190 194
19 150 263
31 210 351
47 347 163
11 193 137
39 184 245
19 252 10
33 53 278
18 210 3
55 104 334
63 124 120
51 92 45
44 104 148
11 365 15
46 247 332
15 239 99
18 143 6
63 238 324
24 319 226
79 132 268
78 311 340
55 130 115
18 130 254
27 238 64
3 90 74
49 12 178
32 136 94
55 292 129
51 252 296
77 164 53
75 83 174
68 328 265
4 313 328
63 306 15
13 144 179
5 87 285
17 112 13
8 109 116
78 134 337
69 254 141
45 48 344
62 245 212
40 114 354
50 186 271
83 310 262
15 66 46
13 177 206
78 321 193
15 247 13
50 363 183
11 285 276
77 228 178
8 122 285
68 54 189
37 242 306
19 303 27
39 364 8
5 187 179
66 220 67
13 77 178
47 9 182
